x1 = rand(1, 11);
x2 = rand(1, 11);
n = 0:10; 
